%YAML:1.0
---
description: "ZED 2 (Pieniacy) SN29482946 HD parameters from factory calibration and results of stereoRectify."
sn: SN29482946
size: !!opencv-matrix
   rows: 2
   cols: 1
   dt: d
   data: [ 1280., 720. ]
cameraMatrixL: !!opencv-matrix
   rows: 3
   cols: 3
   dt: d
   data: [ 5.2886000000000001e+02, 0., 6.4186500000000001e+02, 0.,
       5.2875500000000000e+02, 3.6086700000000002e+02, 0., 0., 1. ]
distCoeffsL: !!opencv-matrix
   rows: 5
   cols: 1
   dt: d
   data: [ -4.2088100000000003e-02, 1.1091900000000000e-02,
       -9.0297600000000000e-04, -1.3150799999999999e-04,
       -5.3452200000000004e-03 ]
cameraMatrixR: !!opencv-matrix
   rows: 3
   cols: 3
   dt: d
   data: [ 5.2654999999999995e+02, 0., 6.1809500000000003e+02, 0.,
       5.2632000000000005e+02, 3.6753199999999998e+02, 0., 0., 1. ]
distCoeffsR: !!opencv-matrix
   rows: 5
   cols: 1
   dt: d
   data: [ -4.1202299999999997e-02, 8.4678900000000005e-03,
       2.9917799999999999e-04, 1.8973700000000001e-05,
       -4.1629199999999996e-03 ]
stereo_T: !!opencv-matrix
   rows: 3
   cols: 1
   dt: d
   data: [ 1.2018899999999999e+02, 2.5083399999999999e-02,
       -2.3707100000000000e-01 ]
stereo_R_zed: !!opencv-matrix
   rows: 3
   cols: 1
   dt: d
   data: [ 5.5773299999999997e-05, -2.2688200000000000e-03,
       -8.4927300000000000e-04 ]
stereo_R: !!opencv-matrix
   rows: 3
   cols: 3
   dt: d
   data: [ 9.9999706559702539e-01, 8.4920889909817054e-04,
       -2.2688414629799089e-03, -8.4933543861475931e-04,
       9.9999963781253243e-01, -5.4809822104779248e-05,
       2.2687940962452754e-03, 5.6736668729810514e-05,
       9.9999742467383346e-01 ]
stereoRectify_R1: !!opencv-matrix
   rows: 3
   cols: 3
   dt: d
   data: [ 9.9999044607312104e-01, 1.0577944618395565e-03,
       -4.2413244814360311e-03, -1.0579140122351479e-03,
       9.9999944007227815e-01, -2.5943653073569025e-05,
       4.2412946635483357e-03, 3.0430361809131766e-05,
       9.9999100520633188e-01 ]
stereoRectify_R2: !!opencv-matrix
   rows: 3
   cols: 3
   dt: d
   data: [ 9.9999803287949307e-01, 2.0869922087569118e-04,
       -1.9724811226674481e-03, -2.0864362229256194e-04,
       9.9999997783084194e-01, 2.8392861633145724e-05,
       1.9724870045073040e-03, -2.7981260174648293e-05,
       9.9999805425414012e-01 ]
stereoRectify_P1: !!opencv-matrix
   rows: 3
   cols: 4
   dt: d
   data: [ 5.2579737729814497e+02, 0., 6.2747537994384766e+02, 0., 0.,
       5.2579737729814497e+02, 3.6486289978027344e+02, 0., 0., 0., 1.,
       0. ]
stereoRectify_P2: !!opencv-matrix
   rows: 3
   cols: 4
   dt: d
   data: [ 5.2579737729814497e+02, 0., 6.2747537994384766e+02,
       6.3195185292631671e+04, 0., 5.2579737729814497e+02,
       3.6486289978027344e+02, 0., 0., 0., 1., 0. ]
stereoRectify_Q: !!opencv-matrix
   rows: 4
   cols: 4
   dt: d
   data: [ 1., 0., 0., -6.2747537994384766e+02, 0., 1., 0.,
       -3.6486289978027344e+02, 0., 0., 0., 5.2579737729814497e+02, 0.,
       0., -8.3202126058082963e-03, 0. ]
stereoRectify_f: 5.2579737729814497e+02
stereoRectify_centers: !!opencv-matrix
   rows: 2
   cols: 1
   dt: d
   data: [ 6.2747537994384766e+02, 3.6486289978027344e+02 ]
